image_width: 1280
image_height: 720
camera_name: camerav1_1280x720
camera_matrix:
  rows: 3
  cols: 3
  data: [1266.78359602357, 0, 608.4607470200075, 0, 1267.334024187105, 374.6054937400205, 0, 0, 1]
distortion_model: plumb_bob
distortion_coefficients:
  rows: 1
  cols: 5
  data: [0.06107748316798726, -0.2708303958945525, 0.002115970398267557, -0.008895203586217777, 0]
rectification_matrix:
  rows: 3
  cols: 3
  data: [1, 0, 0, 0, 1, 0, 0, 0, 1]
projection_matrix:
  rows: 3
  cols: 4
  data: [1260.001586914062, 0, 597.5585547978408, 0, 0, 1275.272827148438, 375.0559350296862, 0, 0, 0, 1, 0]
